004987
006469
000993
004017
000364
004753
007263
001859
006636
006504
000155
007168
006241
006034
003836
004294
001567
001665
001297
006897
000538
004268
001739
007122
005496
006937
007217
004456
000027
003211
007464
003262
001522
004906
006753
003103
000408
006054
004030
003354
003225
003809
001949
006634
003220
004270
006888
005053
001320
004997
001554
004025
003461
004468
000045
002639
002802
001591
006537
000093
004434
002824
002693
001261
003092
003971
005783
004833
003297
003907
002990
003030
001807
006748
005305
000461
004539
000483
003388
005468
004892
006475
003527
004395
002261
004784
005357
003162
002048
005256
004292
002513
000757
005371
007132
006137
005672
004527
000547
000495
006892
005056
003789
007266
004307
007144
000746
004950
001484
006456
001499
001649
003341
006922
007039
001568
006881
002004
000348
002251
004679
000163
006226
006962
005838
007282
001507
003702
006876
007137
002224
003925
000533
000197
000759
006510
000331
001797
002721
005720
005306
003321
002002
005440
001294
003445
002057
006823
004916
006288
002890
001926
001763
004893
006190
002678
003568
005995
002237
003802
002135
007316
005582
007021
004251
003727
004509
003758
001407
005848
005742
005147
000686
006719
001059
001777
002521
002617
000593
001984
005280
004680
004566
005069
001526
006128
003891
001589
006350
006505
006345
000998
002081
004007
002701
001132
001278
006709
003161
000621
006534
002937
006777
003667
004644
002520
001601
000273
002649
007229
007272
003580
007305
004517
002865
003109
001376
003254
001498
002569
006188
000658
000151
007090
005652
006800
005793
003590
001604
001100
005563
002332
004362
007258
007439
004720
005674
005012
004733
001717
001600
000335
003506
005765
005309
001187
005242
004449
002560
001023
006414
004769
004676
000065
000713
007307
000489
006532
002605
000043
006311
005699
004885
004535
004920
002898
004432
005568
000431
001788
005549
001346
007341
002986
007022
000760
005102
000506
006092
003851
006885
002260
001705
001282
004137
003173
006097
003091
005205
002550
001543
007108
001068
002516
001855
004299
007151
005678
004470
002036
000085
002238
000894
003600
005310
000694
007094
003040
002896
000464
004125
004840
000504
000485
005178
007409
004778
000097
006374
001344
007412
000946
007399
003393
000443
002063
001274
004708
002030
003276
003362
002923
002505
003573
003498
003049
001687
003985
005653
005152
003440
007011
002061
006790
005201
006747
000357
002818
001141
000451
006781
000194
004713
002767
004998
001442
000999
006693
006604
000604
005360
006212
004718
002905
001078
002588
002708
005017
002883
002084
000661
005723
006767
003754
005429
003073
003210
003564
003163
006501
003298
003944
006714
004140
005805
002819
000051
005251
004932
003323
004678
002444
005690
001251
007191
002839
007398
001655
001010
000679
006734
001700
000667
002787
006561
006237
007150
005663
001322
006936
005910
001834
005810
000708
000326
000270
006310
004785
002688
004663
000183
005885
005135
007102
004544
001955
003459
005351
003559
004787
006299
006001
003205
001280
000678
003599
006590
006161
006867
005550
004918
000294
003489
005359
001548
001766
002189
004550
001951
003143
005576
007243
001038
005109
005557
003720
002635
001379
000656
001962
003915
004651
007170
000790
004654
005308
003539
006856
006924
006068
000835
000918
002624
003592
002966
001909
007082
005312
002852
002137
003251
003467
004070
005223
002133
000033
002034
001383
007124
002696
003337
006007
001410
000699
000441
007363
000764
005992
005293
005989
002740
005974
000292
005043
003954
003749
004118
005573
006315
002293
006498
000352
004027
004667
007052
007143
003878
003449
002823
006474
006136
001143
001204
000141
001502
004064
006904
005224
007141
000577
005382
001176
005466
000078
004813
005444
002674
001072
006633
004471
001980
005214
003488
007010
002430
006314
005633
006675
003509
006889
001080
005098
006347
003123
002245
005646
002364
003965
007340
000395
001017
001365
003724
001662
003657
001066
003800
005912
005754
005694
000433
006779
001912
005700
001818
000418
004626
006037
005862
007044
006698
000882
000827
006811
006150
006115
000232
004829
000090
002069
004804
003102
000690
006084
005063
002809
000067
003793
001229
004953
001008
007195
003305
003552
005082
001257
003994
003199
003072
002212
006183
005210
001426
004715
007106
001712
000785
001623
004478
001231
005220
003372
001672
003641
005089
003931
005049
001744
005931
002072
002213
005808
002651
004992
006095
002650
006122
000935
004275
007357
005254
007376
007060
001644
001753
006017
004561
007129
007016
006162
005629
000311
004883
006932
002016
006273
006031
001571
001024
001052
000132
001716
003200
003395
006297
000815
001945
001667
001272
002795
002552
003185
003626
001719
000282
000116
000856
000370
001133
004033
000639
002717
004572
003404
002834
003017
004938
002395
003661
000558
005610
005267
002286
000208
004917
004239
003096
000597
007220
002465
007463
004423
007230
000756
001474
004462
003491
004352
003121
004980
002810
004935
001050
006196
000378
004655
003713
005495
006548
002555
000399
005237
003715
005442
002750
000852
002226
007098
001224
003861
002789
002978
004179
006950
006810
005787
003881
000784
007235
002773
004181
006453
001404
003999
006860
004522
000351
006648
003455
004887
006945
001439
002871
001227
004031
006047
004658
000258
004053
005540
002877
006826
007182
007100
006894
003450
000490
001067
004218
000662
002313
006506
005456
003803
005922
001794
006252
000617
005419
006499
005721
007453
004249
000730
003685
006208
006828
000972
006520
004113
006200
002580
002037
005167
001896
006041
001253
001933
004862
002466
005128
006077
002625
002015
000548
005554
001681
006944
001844
003660
007031
005119
006467
006738
004926
007006
004668
006622
005334
001749
000633
003834
003051
006078
000921
001075
002775
000925
004076
001268
003098
007390
002983
005837
001011
000263
001863
007467
006890
000966
005219
002279
004547
000681
005055
003136
006403
003787
003768
004915
005928
003981
007105
007165
001358
000271
001271
001060
003231
004214
006999
000616
003263
006880
004365
000840
005527
002283
006323
005976
001678
006061
005070
000791
004101
001381
000944
002365
001089
005809
003358
006572
007238
003006
005032
002971
002509
002704
007373
006388
002623
002999
000539
002706
000058
004511
003846
001768
004452
004994
001508
006452
003001
000544
001875
004602
004066
007281
000701
000689
004074
002010
005301
005303
005642
003154
003521
005391
006417
000496
005193
001966
006272
003303
006978
007227
006865
001027
001804
000035
003811
000976
003260
006642
003536
007440
005416
005058
006849
000765
002338
003532
005477
003194
007101
005895
003165
002582
006219
005547
006108
004914
005792
002378
000727
001944
002203
002179
005385
000934
006778
004370
006165
003518
006652
002733
004662
007186
007297
003086
007247
003439
003912
000747
003513
002805
001428
000288
005705
003651
002926
007064
003628
007047
003443
006383
007104
004336
003258
003113
005818
001936
006233
001891
006140
003587
004358
002219
004759
003313
007449
004843
000793
000373
002217
001800
000563
005730
000521
007405
002134
002281
004204
006069
001318
001055
005459
003118
001920
005168
004872
001202
000883
001718
003918
005760
006478
006791
004044
003084
003335
001216
000663
004609
001191
005446
002257
005428
003155
000675
004521
005934
002507
000605
001094
003392
002461
000459
002202
006730
006869
002486
004495
002858
003070
004480
006556
005281
000851
007014
004747
002407
005258
003614
004768
001981
003943
006920
003240
005709
003950
006640
006662
006581
001832
001057
004451
004556
001397
001997
002683
004297
003460
000589
004502
003100
003762
004954
000669
002985
005390
005212
001304
006766
000251
001420
003557
003236
007146
002393
005401
003289
005379
006971
005864
000578
002862
003399
005722
006866
004977
007436
005846
004359
000091
004501
007380
002340
002357
006296
003769
003320
005860
003293
002103
006354
003540
000830
002995
003227
004488
004770
001578
007326
000142
002911
001013
003259
002752
007310
000912
002389
004554
000620
001182
005966
003910
005037
001042
006834
003842
003893
001070
003997
006792
006282
006231
006494
000846
006459
006879
005092
003813
006133
000018
000799
005843
001613
002982
000638
004560
005744
007138
004740
006407
007078
002119
004760
006253
001830
002086
001338
002648
005745
001730
003188
007414
003274
003021
006600
000737
000187
002869
000242
001398
004237
003594
003451
004164
006818
000444
001877
004210
003875
005584
005489
006812
004154
000241
001221
000213
001552
004863
001976
001633
005583
002850
002423
003095
002053
006240
003882
001310
006192
002065
004291
001885
000161
001183
003209
003693
000646
004962
000150
005330
006700
002017
001500
006725
005924
001114
001900
004897
004408
006385
000931
004176
002454
003291
004563
004284
005036
003066
000768
003202
004020
000136
005719
003978
000870
004411
000249
005311
000868
005175
004276
003617
003983
007219
000911
005213
005346
003933
001851
004258
002570
005863
005975
006752
002563
007232
001453
004332
002663
002700
004815
000319
004503
003345
004220
006550
004797
004524
000127
006164
006018
002094
004766
001826
003742
000028
001596
001516
003843
001210
006870
000229
003817
002367
003416
003711
000698
004377
002273
002433
002734
003153
001004
002388
006815
003244
001417
004619
003398
006603
005337
007035
006788
007171
005133
006380
004854
001798
003821
006321
004988
003151
001795
004254
007289
001518
001277
000014
007183
002477
003640
005728
003734
001747
004689
003077
004849
006102
000059
002480
002707
005229
005087
005170
000723
003068
001102
007435
002348
003340
006957
006535
003008
000402
000501
000916
006119
003654
001454
001509
005297
005019
000134
003062
006463
000512
000283
000359
007070
006702
001541
006527
003415
004001
001476
001380
001556
002227
005081
006348
004608
002909
002473
003763
002652
002316
006285
005530
004390
002991
005439
003927
003968
001120
007029
004604
005574
004961
000800
001847
004639
002413
007050
002124
000960
000876
000317
001965
005137
000224
000801
006926
000118
006835
003730
007319
001461
004155
002052
001954
005142
000860
006454
002307
005812
000075
002271
003690
004203
006565
002532
005841
002724
000776
004087
004353
000898
000414
006558
001921
001646
004957
000945
002462
000788
007020
005499
001364
000333
000977
003960
005018
002508
003353
002868
001879
003296
007188
006733
004321
004247
004419
004882
006438
007242
001782
004079
000982
000771
001016
004855
004115
002303
003048
004984
007344
002967
005601
000474
006625
000082
007223
007184
003301
007172
006073
004217
000762
000054
003949
001098
005462
003731
002626
005340
002592
001958
001861
002471
000797
006106
002414
000389
006094
003951
001249
004120
004100
002748
002322
007349
007192
003380
000341
007415
007365
003149
004144
007299
005755
005977
006369
004040
003703
005507
006228
005827
002598
001616
000248
000500
003738
006277
005197
000637
003744
003141
002175
002807
001897
004512
002352
001653
004774
001931
001264
001867
005999
002270
006334
004865
002888
005122
005239
007425
005508
006298
000436
007317
002954
006457
000300
001974
006279
000859
007301
004620
005277
001934
004091
004263
005153
003986
004170
004443
001664
005001
006750
000602
001603
002849
000919
001702
005226
004180
004325
007133
003647
002515
003638
005688
004793
006756
003265
004080
000537
001056
001765
001319
002583
000173
006958
005946
001283
001510
000092
003778
001367
001786
004506
001642
003993
006899
005691
007461
002844
006027
000022
000023
000598
000070
005816
003974
004929
002453
003025
002309
004242
000047
007337
000010
004264
004484
006359
000186
004107
006487
004221
003914
002837
003396
002361
002766
002874
006773
003242
005363
004295
006024
002659
001836
004594
006264
005047
003159
002716
003168
007255
004356
000002
005675
000380
003544
004802
006294
004948
004191
004866
000877
006965
001467
006335
007386
006553
005832
005785
007432
003880
004606
006143
002026
003790
001673
005304
004444
000754
007427
003745
003239
005643
005551
000219
001371
001255
001840
001562
006813
004618
000879
000156
002438
006276
000541
005622
003781
007099
005383
001626
005108
000897
005761
006436
005270
006685
003496
007474
005071
000724
007379
003699
001843
006703
004516
006163
005884
004856
003609
000307
002654
000072
006803
005432
000223
000590
002981
005522
003377
007312
006566
000346
004252
003987
003956
001329
000629
001260
007381
003850
000839
004397
004199
002420
003930
005909
001886
000634
000952
000162
002680
003772
003818
000518
005245
004300
004174
005172
001409
000079
001393
005830
007079
005393
000896
005896
005888
006585
005517
006745
005533
005294
007343
005283
003384
001908
006659
003739
004952
005090
002658
003018
004635
003294
004128
005591
004513
002176
004055
006704
001845
007389
006370
006158
004677
004748
004305
001833
007338
003814
007134
004636
002287
002594
006107
002243
006433
002153
007228
003322
004372
002156
005501
000769
006632
006497
003053
005778
003000
003412
002587
007239
006902
003677
002317
002673
002318
001459
007270
006948
004309
004141
002788
002023
003273
005486
000981
003692
007455
006743
002640
000861
007233
002666
000887
005589
005998
003038
002586
001030
003926
007309
002656
002574
004807
004758
000576
005392
001848
003668
005473
006744
002566
005131
001769
000084
002804
007351
003475
004227
002940
000424
000125
002380
002821
000486
006727
000552
006346
002166
002267
006110
003009
000949
004490
004576
000120
003541
001512
004371
001544
000786
005981
006795
005847
004599
005335
000230
001628
006914
006711
007445
001160
007284
006982
005406
002943
000513
002590
003885
002147
004068
001745
000660
006203
000029
002730
005978
004002
002942
002302
002728
005727
004328
006605
003108
003953
005157
002254
006096
000959
005854
005241
005684
006428
000892
006303
007356
005138
003786
006891
001916
004648
001686
003502
004373
006083
003406
000567
006611
003779
005348
006121
000060
003579
004803
000240
001688
005000
005541
005770
004703
006509
007075
002387
000595
005191
003771
003150
000400
003099
003434
000917
002729
006674
000875
006002
002832
006371
004410
000115
002158
007139
004852
007438
003122
001185
005292
002815
004442
005616
007458
001720
002472
004231
007290
005126
006389
004039
007005
005619
000325
002129
000805
003183
007377
000455
001968
003046
003132
005454
006155
004731
002353
003585
005050
003501
002246
006444
001292
006326
006612
005820
002916
000095
003327
002488
001424
002385
002527
007166
004540
002383
004436
005941
006598
003574
002306
004006
000413
006875
005402
003759
005777
004418
006246
003593
000711
002375
002994
004603
000534
003403
002846
004269
007027
000339
005445
001620
000519
003584
007303
001806
002825
003928
000117
001416
003504
000610
002161
006731
004013
000105
005404
003856
006678
004241
001273
002039
004446
003343
005215
002935
005290
000560
006907
005953
004671
005103
002106
004023
001480
000243
002494
007274
003463
004129
001460
000880
000645
004681
006653
006010
000973
006739
006935
000812
000055
003857
000347
001513
006740
006040
003064
000396
004806
003036
006819
000988
006421
000682
001723
002481
001049
002005
001256
002950
007089
005932
006429
001145
001043
001822
006394
000170
000899
003938
004192
000386
004149
005189
002314
001386
000296
003666
006256
000182
003152
000900
002972
005474
006539
001831
002059
005968
004868
001772
003414
002661
006210
004943
004500
002062
000422
004696
005323
005174
005609
001090
000114
007359
001032
002447
006864
002510
005850
002879
006916
005064
005628
005169
000608
001671
006287
003806
004899
003892
006759
003114
003329
000382
004568
000306
007293
003618
007019
001533
005636
000511
005263
005875
003621
003760
007269
001809
001341
002638
002491
000795
004910
003870
000964
000965
002078
005413
007003
007213
002102
002812
002989
003913
006148
001435
004719
005969
004274
002561
000990
006375
003812
003226
006053
001285
000244
001168
002754
005236
003397
002783
004801
003780
003571
004755
005677
004230
006617
006783
001572
003316
000220
001312
006503
006579
006485
006479
001039
007286
005398
004831
005471
005387
002382
006852
005686
006008
006677
002548
003407
004296
001883
003124
004510
002321
003106
002408
000991
002542
002904
005886
000147
007333
001740
003607
000568
002426
001495
005519
003705
005196
005516
002305
002090
003547
001588
007334
001576
002698
004315
006437
005121
004104
001403
005965
004790
005061
003360
002803
005526
004942
000753
004611
004195
003428
002345
005659
001225
004571
006798
001530
006580
000566
004121
004615
001693
004236
003932
005559
001760
006349
003810
000940
006712
001058
002371
004177
006905
004777
001799
004035
005046
007371
001189
001781
000773
002739
003207
003648
004109
006597
000703
002478
002041
004361
003894
000113
006087
006205
007295
005845
002384
006126
003873
005660
002525
000665
001219
003565
006291
001953
005856
006839
002415
000878
006656
006154
004058
004385
007347
000584
004880
003055
000295
002210
001547
006871
004688
001091
007406
003400
004591
004194
002741
006526
006641
002231
003830
001625
004186
001438
000989
002897
002164
006774
006055
001298
006058
000562
000310
005819
006665
005509
005578
004617
001073
000706
000267
004864
005996
000305
003224
006577
002157
000529
006406
007194
000135
001306
006804
001853
007394
002208
006591
003613
006177
000997
002893
005750
006549
007421
000729
004674
006817
001694
002709
003868
002537
005502
006645
005679
000206
004376
006988
002711
003027
007387
000281
003112
003849
000128
007209
000227
005795
004912
006784
004771
007055
004507
002284
005984
004280
006081
003379
004122
003347
006930
001164
005336
003566
006846
005849
003687
005405
002220
004786
002610
000974
005774
003464
007279
004224
003164
007452
004798
003550
005287
003257
005569
000398
006691
000099
004049
007446
007095
003922
002419
006239
003512
003247
002294
006722
004450
002546
000650
006610
003764
006799
002768
006754
002360
001104
006538
004378
005339
004110
004553
006080
004587
002427
004135
006172
000289
001287
002591
004323
003805
003309
001715
007125
004851
005248
005618
004019
001992
004114
006404
005532
005024
000321
001201
006134
004009
006422
005671
005611
007174
002606
001245
004614
006882
006441
004136
004228
005110
005879
000802
006555
007259
006683
000076
005106
005947
001449
002067
004837
003333
003864
006970
001511
004469
006439
002381
000672
006794
005585
007401
002421
007395
005361
000824
006292
006571
001345
000980
004403
000564
006070
000612
003004
000426
003090
002755
002326
007210
002211
007030
004021
003186
005005
005209
001087
001880
007140
000626
001425
006381
004492
002689
000234
005511
000313
001092
003676
006186
001894
002092
007306
006884
004193
003637
004523
002603
005057
002973
005077
003757
003195
005876
005504
007360
003528
005230
004623
002362
004886
002670
000129
002181
001486
006851
000503
005957
005535
001419
000297
006943
002250
000309
003719
002998
003408
000588
007254
004381
004627
003770
003707
003492
000683
004699
002269
007222
001514
000276
002885
000643
005747
003543
001448
004659
007257
004465
003365
006405
004393
000323
007434
006393
003368
001873
002814
002697
003686
000239
004924
002000
000654
000514
001169
003212
002545
007037
000873
004828
002241
005544
001129
006868
002422
000613
002761
003411
001033
004255
005434
000907
002152
000498
006502
002726
003855
003920
002112
000742
000740
005284
007072
001679
002434
002417
005982
003350
000176
007313
001002
003024
002223
003367
003632
000895
006337
002232
005537
004990
000804
002080
005114
002676
002496
006776
002278
003823
001005
004494
005470
003088
001485
003331
006135
006493
007400
003555
001025
001307
003128
003310
001293
001991
005409
004735
003545
005786
002643
001127
003495
004493
000215
003391
000885
006376
002609
006432
005040
000196
000384
002218
002794
003370
000599
005763
000315
004173
001538
003898
001125
006149
001802
002631
000722
005923
005769
006201
001952
006344
005907
006934
004601
004457
001714
001138
000891
001342
006746
002633
005099
002191
001343
007457
001252
003217
006954
002784
007384
004266
004628
002894
006120
007433
000718
007042
004398
003061
003170
003427
005412
001154
001085
004875
003355
000536
000874
005231
001190
005488
001773
005650
006724
002268
004283
000066
002506
002489
001496
002221
002622
002484
002469
002136
003989
004936
002556
001866
005869
004166
004326
000012
001220
001938
003681
007327
007249
004600
005276
002077
001868
004901
007081
001000
007321
005796
006248
007428
000592
001021
007240
004818
004348
005842
003487
005840
004078
005979
000808
003919
000794
003695
007103
006182
005436
002702
002796
002581
005581
001595
006430
000561
005453
001761
006661
005003
002456
000924
001757
003794
004633
006398
007372
003028
000515
005472
001882
006306
004036
005529
002536
001837
005111
004298
005112
000420
001281
001905
003819
006840
001162
006481
004265
003937
001706
005644
005715
002903
007252
006447
002027
002194
001637
005355
003992
007260
002044
005853
006397
004683
005600
002402
001372
000146
006033
007468
000780
003256
003900
002131
002441
001778
007181
002113
005779
001612
005353
003430
006384
003127
000452
006512
006994
003962
000524
002816
004711
005426
003158
006587
000024
003376
006396
002664
002274
005150
005415
003334
007214
000909
002116
006564
006858
000673
002576
005031
007226
005396
006480
001468
007478
002952
006723
006607
000304
002919
004095
005598
002921
006358
003479
005773
004167
006039
004845
004111
001734
001929
001852
006157
003039
000766
004415
002744
001517
001134
000798
000177
004709
006628
003349
001295
001602
005062
005002
002732
003606
000185
002319
003471
003869
001374
001611
001212
000967
005936
002239
003065
004900
002677
000475
000732
006741
001563
004085
005921
001279
000056
003507
005132
006342
000863
002206
003253
006413
003524
001973
001632
007471
004499
006525
001982
002216
005948
004701
001457
005324
001609
004673
007444
001464
001411
000165
004138
006854
000362
005621
006468
006379
004520
001373
005342
004971
005903
004293
000854
007065
005857
003281
001458
000361
001443
001284
004682
001779
005116
004776
004742
000938
001235
005732
004529
000356
000247
005555
004791
005944
005566
001872
001478
004772
003243
002616
001656
007397
001193
005782
004647
000984
005014
002392
002959
006951
002811
005768
005980
006043
001488
005029
000019
000077
000425
001784
005161
001895
006218
000640
002647
000458
001793
002459
006193
006613
000734
003182
005421
002110
006929
002847
006283
006472
005950
006063
002522
006989
006618
002686
007193
001469
002769
006471
003477
006742
004182
001022
002460
005233
004235
007116
006486
000565
006925
005100
003717
005373
003425
005009
006330
003766
002276
001290
002567
003421
004744
003825
006005
006649
007205
005038
005431
003230
000410
002856
001566
003094
003213
003035
001621
001198
005247
006679
001116
004874
004965
006630
000435
005920
002009
001942
006113
005789
004716
003192
002544
006139
001767
006088
002951
003696
000042
003456
003075
005156
006132
006204
005272
003560
003959
000440
002013
004530
003105
006726
001893
005945
000374
004171
007013
002771
006179
004879
000951
002529
002541
001743
002547
001034
005985
005023
005894
002178
003447
000607
000302
004999
002432
006491
001151
001019
005915
002193
001776
004324
006130
006455
004096
002117
004243
002315
005347
007411
005858
004839
006242
003145
003799
003733
003252
000569
006782
000237
000330
001876
003295
004379
001170
002342
002308
005163
001053
002003
006308
003603
000015
002558
003067
007302
005388
005772
004975
005926
001047
004637
004065
002764
002096
004130
003442
006650
001421
001445
005911
002390
000210
004316
005624
002900
002554
006588
001270
001110
005575
002168
005011
005870
004428
007113
007420
007355
003033
004685
002621
002487
002198
006482
003998
005123
005602
003146
006822
003300
005579
004641
006910
005859
007025
004012
004350
002249
006473
001028
003841
005558
002114
001941
003138
005461
001184
000871
001899
005246
001079
005736
000463
001330
007407
006317
003689
005994
005811
000653
001473
005570
000491
003266
006114
004895
000428
000738
005889
006357
005608
005556
002347
002968
007475
000834
002601
006825
000087
002277
004018
003852
001964
003250
002743
006112
001487
007034
004169
005594
002244
001175
004632
006191
005513
006862
003139
003602
001077
000123
006940
005186
002410
000238
007175
006435
004190
004597
002479
004463
000388
007426
003369
007115
006660
005314
004319
001399
000198
000469
003116
003684
001482
003874
002746
006732
006960
006658
001006
003378
006676
001713
000180
000913
003013
002867
005758
002209
000204
003743
007120
004092
000337
002088
002497
000615
001222
001243
006877
006278
002449
006710
005596
001368
002252
006654
002933
004670
001076
005861
005515
003596
004143
003137
005607
005588
007004
002173
002675
004558
000553
001234
002836
002763
002054
001870
002335
001099
005211
003820
002132
000383
007273
004183
002619
005871
004290
002289
003010
003505
002142
003193
001555
004097
003308
001943
001963
001122
004723
004589
001707
005420
000415
002614
004081
006419
006302
000217
002235
005460
000676
003480
000038
004684
002074
000622
002076
000869
005661
001107
007456
005345
003107
006771
001384
000743
001703
006006
002578
005066
002695
000112
001658
003110
003752
002613
002902
005733
001236
004789
004725
001708
005494
000551
001481
006313
000749
000235
005604
000025
001610
006684
007086
003939
001326
006513
004489
005279
005703
000285
005364
004896
006169
002056
003016
006442
003859
001551
001391
003493
004979
005091
003824
001770
006530
000207
003649
005060
005354
003468
001960
006644
007008
001286
006271
006765
004505
006366
007336
001977
005891
003330
004165
004223
001573
005195
005225
000619
005207
006036
005253
002988
005194
001205
006546
001463
003625
005635
000908
003554
006489
006301
005940
002007
002859
005631
007368
000334
006153
005441
003201
004347
001218
002409
001709
007028
002657
000214
003381
006333
004702
002320
001946
004860
002511
001064
001803
006265
005775
004714
006669
002299
007308
000001
003058
006552
004233
006637
000707
000148
002928
004853
004515
001586
003481
007009
003908
002941
003583
005078
003916
000844
002684
003246
000671
004202
005711
003534
001785
001648
005414
000222
007200
007061
004794
003612
000101
006267
005316
004700
007276
005651
003979
006341
005780
001146
006761
001546
003737
001888
004968
006592
006540
004222
001869
007352
004229
002050
002502
004537
000429
002977
000767
003619
005725
004625
004749
004103
007111
001382
006086
004834
003140
003144
003418
002636
005724
004382
005076
001001
002184
005418
000406
002737
002151
003386
005734
003056
000857
006845
000250
004105
001390
003899
007057
000702
000050
004205
000655
002033
007063
007378
004392
000526
003845
006909
006451
000137
004357
002797
006797
002290
003835
001444
004580
002490
005666
004429
007131
003248
005096
001475
004003
003597
005463
000108
005183
001199
005662
004734
001939
006244
007062
004187
003034
002892
004090
003671
006325
003519
002435
004345
004569
002539
003115
003441
002876
002377
001139
005564
004788
005278
003902
004928
007187
007088
000121
001248
000040
000811
003639
005595
001585
005536
002531
006983
006961
001206
007112
006689
003278
002714
000178
005685
005902
000449
002125
007248
002024
002872
007026
005986
000573
001967
004343
001246
001375
000372
003642
001741
001423
000169
001447
004491
007417
006470
002464
002742
002019
007135
000329
004970
004184
004721
002085
006045
002021
003680
005804
005800
002562
004541
005362
003382
003901
002298
000914
007369
000881
004072
000456
006518
005970
006615
004825
003791
000286
000833
003877
003670
002526
006993
005149
006175
000557
007109
003304
005448
004153
005021
001821
005458
006583
003767
006340
002126
004823
002398
005449
000601
005586
000527
006627
004850
000172
000233
001814
000342
002736
004257
003847
001332
002806
001305
003315
005130
006718
007190
000692
004200
005866
005767
002901
003704
002075
005216
000657
004669
006508
002907
004534
001241
000932
002457
003655
000291
005181
001082
005878
002826
004225
005692
006807
002463
000293
002334
007253
001829
000445
000104
004386
005481
007251
000011
003595
001521
006331
001593
001979
000855
000375
002105
006399
001878
000937
002864
007430
006319
002533
007382
005250
004983
006465
002792
006595
006207
001907
000171
002822
000721
004211
000809
007179
003130
005914
006004
006028
002109
001355
004022
002984
007245
000366
002857
004431
006690
000942
000725
006123
005958
001317
002098
007362
004898
000516
001618
002781
000923
003746
000884
004650
005908
002107
003808
002584
007364
004435
001450
000750
006076
000111
001208
003679
002150
003890
005151
003249
007114
001627
004404
007198
006976
000901
004467
004816
001351
001810
000781
002958
004380
005033
003658
001698
006762
004304
001711
003473
002833
000867
003722
005738
004279
003942
000525
004057
000939
002774
003605
003826
001889
002405
002637
002665
006103
000906
006853
003582
006578
003047
000625
004819
003394
003866
002394
001903
002518
007076
000479
002628
006390
006483
003945
005274
001631
002431
004124
006688
006673
004756
006624
006715
003977
006533
000953
005729
007261
003872
006573
000903
003785
005916
002886
006013
000257
004827
005349
001465
001638
001331
002006
006589
005075
002571
005883
004331
001924
000096
004578
001534
004672
002167
005802
000139
003126
002160
003710
003957
001395
004152
001553
006185
000184
005543
005951
002201
004459
002946
007128
005171
003682
005072
007241
001135
005726
001117
004430
005234
006124
005093
006680
005794
005545
003125
001659
003832
006542
006270
007291
004707
000320
001871
004026
001377
006020
000591
001940
003756
005375
007118
006353
001577
001422
001801
003712
004800
003133
003044
001756
003478
001352
005645
003634
005993
006238
003510
003921
006796
001506
007393
004453
002330
002573
002710
006878
004061
005669
005218
000419
006838
007443
002055
001805
005326
007388
003726
001026
004277
005380
005670
002776
004051
002442
006195
000493
005358
006966
004546
000950
001796
003569
006939
002690
006194
004306
005275
000995
006554
006022
000641
002215
007051
002058
006176
001860
000338
007271
004028
006202
001153
007069
005665
006562
003271
002866
001699
002884
006003
002627
001217
001296
004396
004933
002514
001881
006516
000507
002222
000858
003860
006060
002458
001014
005571
002327
002908
006085
004783
004792
000144
004726
000787
007383
006848
001215
004116
000164
001101
001607
003838
007275
003180
005343
003588
006694
007320
005988
001112
006967
001427
005079
000864
004102
000508
003290
002765
004259
002049
001074
000596
002123
005408
007066
000088
000069
005227
005632
002262
003314
002344
006769
002101
003538
006863
003801
005872
002719
003523
007366
000159
004024
000779
004260
007024
000166
003659
005855
001972
006901
000848
000820
007161
005039
006643
000587
002165
004582
005667
004698
004549
003804
003156
006716
002439
005455
001400
005997
001652
007211
004817
004112
000412
007329
004394
005648
002820
006412
001291
003351
003148
001971
001680
006312
006352
006991
007283
001324
004483
002969
000377
001144
001823
001996
001316
005487
003940
001583
006968
007117
005187
002924
007288
000133
006872
001071
003672
005282
006181
000332
007154
003783
003041
005117
004841
002292
000423
006837
003444
004622
000886
001385
000609
006787
002593
000301
003097
007080
004504
004043
005146
005202
001994
003015
000985
002399
006609
003858
002205
001174
006593
002025
006156
006720
004317
006402
002359
002938
001126
003714
003906
004389
007049
002248
004335
002996
006257
006646
000720
005590
003052
002474
004974
003646
005206
002311
003486
003700
002073
000003
005325
005497
001570
005113
006409
004197
000575
005165
004514
006138
007322
005240
006159
001123
006918
001015
001791
005844
002470
004045
000528
005693
002747
004995
004653
005759
005268
000057
003694
002498
005553
002860
001505
005673
005960
000254
006635
006168
001214
001666
004919
001670
004972
004206
002228
001360
000774
006484
005452
001226
003905
001592
006197
000497
003147
004161
003863
000083
001819
004383
005904
006895
006708
001742
004779
003081
002169
000478
001764
004812
004123
005395
002600
007345
005867
003432
003822
000715
003383
007056
005350
003011
005503
003023
000046
001470
004119
001163
004697
004073
000201
003057
001735
000763
007059
005698
000340
002118
005273
004142
000086
003076
002424
005180
003264
001106
001726
002519
005625
002275
003796
005791
002753
001446
000978
007149
004341
005298
005285
004861
003237
000642
005451
005221
004477
003955
005182
000926
005781
004822
003581
005735
006056
001657
006717
006275
000580
004117
006824
002349
001186
004308
005433
000684
003515
002842
007431
000688
007119
001462
004586
000432
002450
001275
000761
000007
003562
002718
004528
006416
000225
004256
002808
005025
003437
001178
000712
003895
003886
003773
000476
000572
002029
006141
006232
003101
006082
005868
007084
002853
007157
005617
007097
003363
004071
002503
003452
001987
000709
001323
000582
001990
001041
003060
002955
006576
001353
004262
005710
001103
006064
001689
005173
000585
003984
004867
004687
004059
000160
005707
001069
005525
004621
001696
007152
000792
000284
002437
004327
006785
006969
005833
006955
001647
000154
001947
005983
000272
000842
001624
002499
001250
007145
000936
005831
006105
003556
004729
001007
005751
002778
003233
003876
001564
000107
006448
003735
000986
002177
006109
004564
003374
006057
001816
005030
001267
001431
004189
003982
005200
001361
006927
006582
002642
003577
002180
004145
006225
005890
002495
004010
004437
004832
006620
004947
002130
006152
003348
007396
005963
003643
006519
007358
000122
001209
001727
005088
002848
005051
006146
005469
006243
004814
000068
004727
005612
003663
003117
000149
002111
002155
006339
002992
007033
001195
004695
004646
006147
003071
004657
000933
003286
000618
004585
000472
006305
003929
003069
004015
006623
003917
002975
005485
002214
001237
002328
004062
001983
005824
004278
001276
006356
000287
000202
005623
003270
003120
000256
002762
002095
004042
001259
000109
004038
000453
003761
002144
003537
006100
006816
003093
001432
001289
000695
000543
005506
006044
003549
005127
001874
001441
006596
006408
003196
006763
005655
000731
006307
005873
003083
004728
000549
003741
005424
000748
007153
006997
004593
004762
006327
001663
000555
002093
001137
004201
004986
000822
005411
002282
005192
006638
006184
002553
001780
003765
006418
000354
006075
006981
000693
000439
002875
001203
005821
007465
002611
003946
007268
005368
003190
006621
006667
002400
005020
001503
006046
006599
002976
002540
004082
003572
003216
000450
001775
004016
004905
005531
002046
002870
001581
004163
003833
000850
004751
007325
006363
001394
001750
007177
003652
003166
007311
004151
005587
004482
002572
000404
005597
003854
001993
002980
004375
004930
003980
004083
006829
002920
003234
001641
002091
004150
003389
002233
006594
004048
006912
001118
007012
006751
004921
005374
001519
007032
002713
005552
000119
006614
006284
003807
005252
003135
002922
004008
005423
005052
005400
003721
004240
005435
005139
006985
000473
006786
005492
004447
001748
005369
003277
006309
000509
007264
006923
003238
004951
004765
001531
003728
002200
001048
007225
004088
004584
000387
000674
003777
001918
003292
004690
003352
000470
001389
006318
002632
004871
004583
003306
004156
003546
003472
000365
000777
001597
001230
001808
001532
005341
003774
002692
005484
006189
004464
006255
000467
002945
003923
002032
002396
001701
003279
000603
002912
002035
001850
005490
001950
002534
003079
005949
003319
005328
001827
000124
005899
005266
001535
002079
002263
007036
000417
006198
001598
007346
005228
006964
000837
006938
005447
001009
002644
006947
001406
001932
001012
002725
005649
002154
005917
004438
001414
000831
003131
000138
005321
007328
000126
002970
007294
007419
001051
005177
003373
002974
000494
003975
002964
001811
000510
003470
007000
000849
005367
003299
006066
006522
006601
002629
005269
005315
003995
000728
003255
004631
002445
006012
002475
006857
006511
006365
005125
004004
003871
001956
004869
006052
001061
002873
001350
006090
001437
004454
006000
003673
004796
006705
002354
003458
001456
005919
002596
002793
001369
006500
002012
005938
003446
000259
006639
005232
000442
006111
001645
005605
004060
002295
003312
001838
007231
002482
002172
005955
006059
001325
007339
004207
001288
007176
004945
006805
001003
000872
002500
002099
003883
002139
004552
006395
005176
002403
001315
005647
005028
000910
002517
003413
005261
002296
001961
002828
003723
007370
000636
002948
004781
000904
002777
004873
004487
005737
006608
006462
002331
006118
003184
001998
004542
007265
002028
007300
006304
007250
001640
005538
001676
001354
001639
001213
002264
000530
007199
007237
007267
002355
006531
002895
007110
002018
006692
000659
005300
001334
001171
004424
006411
000049
006768
000635
005764
000255
000956
003936
004991
